B_neq_10,1cm
	Wide part
		36 956,992	
		29 1077, 1106
		43 955, 998
	Narrow part
		98 145, 243
		70 180, 250
		84 99, 183
		
B_neq_13,55cm
	Wide part
		166 831, 853, 855,987
		160	953, 1103
		180	913, 1093
	Narrow part	
		327 
		336
		340

E_Bend_A:
	Left
		180 124, 317 - 260, 434
		247 3,100 - 178, 275
		203 0, 160 - 146, 302
	middle 
		192 716, 606 - 530, 556
		233 735, 627 - 964, 580
		227 738, 584 - 962, 547
	Right
		210 1320, 258 - 1166, 402
		228 1136, 445 - 1307, 294
		230 1339, 281 - 1172, 440